X: -36.000000
Y: 1.000000

X: 75.000000
Y: -25.000000

X: -5.000000
Y: 39.000000

